0.0
0.2595238095238095
0.0
0.0
0.0
0.0
0.0
0.0
0.0
0.0
0.0
0.0
0.0
0.25
0.0
0.0
0.05555555555555555
0.0
0.0
0.0
0.0
0.0625
0.0
0.0
0.0
0.0
0.0
0.0
0.0
0.018518518518518517
0.0
0.0
0.0
0.1111111111111111
0.0
0.0
0.0
0.0
0.05
0.04857142857142857
0.0
0.0
0.4
0.0
0.0
0.17083333333333334
0.05357142857142857
0.0
0.0
0.0
0.2333333333333333
0.07857142857142857
0.0
0.0
0.0
0.0
0.08333333333333333
0.0
0.141005291005291
0.0
0.0
0.0
0.0
0.0
0.0
0.12857142857142856
0.18
0.0
0.0
0.1
0.01
0.015625
0.0
0.13333333333333333
0.0
0.1
0.19999999999999998
0.0
0.0
0.0
0.0
0.0
0.0
0.0
0.01
0.0
0.0
0.0
0.0
0.0
0.0125
0.0
0.0
0.0
0.1523015873015873
0.0
0.15416666666666665
0.0
0.0
0.0
0.09563492063492064
0.0
0.0
0.0
0.0
0.5342857142857144
0.0
0.21428571428571427
0.0
0.0
0.0
0.0
0.0
0.0
0.0
0.0
0.0
0.0
0.0
0.0
0.287037037037037
0.0
0.0
0.0
0.0
0.03333333333333333
0.0
0.0
0.08333333333333333
0.0
0.0
0.26666666666666666
0.6484920634920635
0.03571428571428571
0.0
0.0125
0.3
0.0
0.1
0.0
0.075
0.0
0.0
0.0
0.25661375661375657
0.07142857142857142
0.0
0.18285714285714288
0.0
0.0
0.0
0.0
0.0
0.0
0.0
0.08888888888888889
0.0
0.13333333333333333
0.0
0.0
0.0
0.3611111111111111
0.0
0.0
0.0
0.29166666666666663
0.0
0.0
0.08333333333333333
0.0
0.027777777777777776
0.0
0.0
0.0
0.0
0.0
0.0
0.16666666666666666
0.0
0.0
0.0
0.0
0.0
0.0
0.0
0.0
0.0
0.0
0.0
0.0
0.03333333333333333
0.0
0.5416666666666666
0.0
0.13888888888888887
0.0
0.02
0.0
0.0
0.0625
0.0
0.0
0.05833333333333333
0.0125
0.0
0.0
0.24074074074074073
0.0
0.0
0.0
0.020833333333333332
0.0
0.4625
0.0
0.0
0.0
0.0
0.20607142857142854
0.0
0.0
0.275
0.0
0.7777777777777778
0.0
0.0
