0.24166666666666664
0.4126984126984127
0.6481150793650794
0.5
0.31547619047619047
0.125
0.11666666666666665
0.05
0.8055555555555555
0.0875
0.11904761904761904
0.2333333333333333
0.0
0.6
1.0
0.16666666666666666
0.07142857142857142
0.3333333333333333
0.0
0.4478835978835979
0.0
0.0
0.2095238095238095
0.27777777777777773
0.6507936507936507
0.19444444444444442
0.10833333333333334
0.0
0.3611111111111111
0.015873015873015872
0.0
0.16666666666666666
0.6388888888888888
0.1611111111111111
0.0
0.5
0.012345679012345678
0.0
0.09
0.05357142857142857
0.6666666666666666
0.18214285714285713
0.4583333333333333
0.0
0.1
0.3480952380952381
0.2750793650793651
0.16
0.1
0.08333333333333333
0.4730952380952381
0.525
0.12222222222222223
0.05555555555555555
0.2861111111111111
0.07333333333333333
0.05
0.07389770723104055
0.03125
0.42000000000000004
0.5638888888888889
0.0
0.0
0.5
0.26964285714285713
0.02857142857142857
0.575
0.06666666666666667
0.04
0.03333333333333333
0.0125
0.07222222222222222
0.45476190476190476
0.016666666666666666
0.02222222222222222
0.07142857142857142
0.29583333333333334
0.7555555555555555
0.02222222222222222
0.0
0.5
0.36
0.0625
0.35
0.25
0.5
0.0
0.6496031746031746
0.03333333333333333
0.160515873015873
0.2037037037037037
0.524047619047619
0.5
0.5583333333333333
0.5
0.31476190476190474
0.14666666666666667
0.0
0.18333333333333335
0.12962962962962962
0.7708333333333334
0.35
0.0
0.04
0.3833333333333333
0.375
0.19642857142857142
0.5964285714285714
0.0
0.25
0.0642857142857143
0.25
0.3055555555555556
0.0
0.041666666666666664
0.05
0.0
0.24444444444444446
1.0
0.34973544973544973
0.369047619047619
0.22275132275132276
0.0
0.0
0.2095238095238095
0.20833333333333331
0.05
0.0
0.369047619047619
0.5476190476190477
0.10342261904761904
0.5175396825396825
0.02040816326530612
0.25
0.3839285714285714
0.3333333333333333
0.18333333333333335
0.1
0.0
0.15
0.07037037037037037
0.0
0.75
0.4166666666666667
0.2816326530612245
0.5833333333333333
0.16666666666666666
0.16666666666666666
0.3095238095238095
0.8333333333333333
0.0
0.0
0.2738095238095238
0.75
0.18095238095238095
0.619047619047619
0.375079365079365
0.3333333333333333
0.06944444444444445
0.1
0.5
0.09027777777777778
0.27777777777777773
0.38055555555555554
0.5833333333333333
0.0125
0.375
0.08333333333333333
0.25
0.5138888888888888
0.6388888888888888
0.6791666666666667
1.0
0.05
0.0
0.015873015873015872
0.6088888888888888
0.525
0.29166666666666663
0.33095238095238094
0.2
0.5833333333333333
0.591111111111111
0.21428571428571427
0.6507936507936507
0.23285714285714282
0.13095238095238096
0.33630952380952384
0.07222222222222223
0.33999999999999997
0.19563492063492063
0.5666666666666667
0.8060405643738976
0.03333333333333333
0.05555555555555555
0.11666666666666665
0.5555555555555555
0.5
0.05277777777777778
0.17777777777777778
0.32666666666666666
0.21666666666666665
0.17285714285714288
0.0125
0.75
0.19444444444444442
0.18
0.5916666666666667
0.045
0.27777777777777773
0.014285714285714285
0.5047619047619047
0.5291666666666667
0.125
0.0
0.0
0.2733333333333333
0.25
0.0
0.1733333333333333
0.3071428571428571
0.5978835978835979
0.41666666666666663
0.020833333333333332
0.2
